1000
50 45 96
21 52 78
16 96 54
42 35 78
84 1 80
19 38 41
19 41 36
17 52 13
60 68 69
66 17 16
2 96 76
37 43 86
62 17 79
27 65 77
34 74 94
72 96 80
92 67 54
11 45 47
20 56 46
6 54 76
62 44 84
95 21 59
27 23 13
65 91 93
67 43 16
31 11 98
0 55 55
33 69 55
31 86 25
51 32 31
16 5 23
38 27 52
95 52 21
35 45 55
38 4 1
88 98 52
52 27 3
7 54 41
73 6 68
23 3 100
93 73 87
66 30 100
63 53 74
22 41 17
17 24 45
33 35 34
42 33 8
41 54 55
22 64 65
77 31 9
56 1 93
5 34 58
7 21 17
16 48 34
87 15 84
19 32 19
12 88 91
55 68 37
2 93 86
79 12 10
25 61 69
29 81 85
59 19 85
83 25 47
7 38 80
49 60 88
87 78 17
53 3 4
41 20 71
46 83 61
98 80 87
76 10 62
67 94 53
8 20 80
13 28 46
25 40 82
30 25 5
78 71 68
22 54 16
63 38 11
6 45 79
83 39 80
36 42 44
79 48 76
44 52 32
61 58 61
80 15 95
8 7 32
58 20 22
10 67 92
93 85 66
72 83 63
17 26 74
48 39 20
82 97 70
68 94 26
28 100 1
56 80 4
6 27 73
79 88 11
18 28 91
99 8 47
70 67 75
74 35 78
75 46 17
52 58 41
97 58 73
8 92 17
36 64 15
83 98 82
43 97 35
97 40 88
62 18 5
54 31 99
50 36 93
84 38 75
35 57 4
67 43 20
17 42 4
100 9 27
41 35 64
11 30 40
58 85 42
93 40 71
38 31 43
73 41 26
4 47 1
75 28 25
8 61 3
97 44 64
2 35 88
45 58 33
10 22 55
34 92 69
53 90 67
62 90 75
27 61 19
10 34 82
52 20 71
45 24 7
38 18 100
98 4 46
64 88 26
34 85 73
91 96 80
12 8 16
35 62 33
3 83 27
34 92 25
20 56 69
87 37 39
100 89 96
54 98 4
34 72 48
45 62 57
15 48 19
56 83 72
35 97 48
81 79 13
19 54 59
81 8 37
53 52 65
25 60 20
76 77 73
15 14 85
24 66 29
93 21 57
33 20 79
29 23 13
34 67 6
73 79 96
72 36 27
61 9 64
58 20 9
36 41 40
32 27 27
99 91 5
85 7 21
38 4 40
96 28 17
28 74 83
31 9 91
72 98 89
85 74 65
17 79 13
66 90 100
77 88 1
54 7 5
42 7 15
100 66 7
89 21 73
0 15 62
13 98 74
29 21 13
52 79 8
96 74 56
23 7 39
31 83 25
55 3 20
94 30 5
79 91 11
13 64 55
55 37 9
7 56 41
35 35 60
98 83 39
81 53 85
42 67 86
49 48 55
39 81 80
82 2 69
51 22 21
47 88 70
82 94 57
28 96 15
7 52 33
48 48 69
9 67 78
75 33 74
76 82 99
14 36 81
66 19 66
77 89 75
13 82 4
1 22 6
91 2 12
26 54 1
75 55 81
54 72 3
44 19 7
86 89 75
76 87 22
76 70 22
56 35 42
21 66 14
77 67 94
9 72 95
53 66 72
78 28 94
23 7 57
84 70 75
42 58 87
4 95 82
80 32 67
16 11 38
34 66 96
40 67 34
31 11 66
6 33 77
19 77 72
10 33 33
1 28 70
24 81 77
56 44 57
20 18 1
30 83 16
35 71 80
3 96 47
10 72 100
73 9 85
11 32 65
61 53 3
83 56 97
41 9 44
31 47 82
44 33 42
68 47 78
69 26 21
76 41 73
86 41 9
32 94 82
52 90 42
90 22 23
12 7 78
37 2 41
4 92 13
12 24 3
37 3 58
36 54 38
8 59 6
15 28 37
68 23 92
100 39 9
79 37 2
53 92 12
64 25 83
84 40 70
66 25 14
96 31 25
28 75 45
42 4 54
31 15 100
53 46 81
90 78 19
78 23 25
12 98 95
55 77 36
100 47 93
7 33 36
49 35 2
90 47 68
78 31 43
2 47 93
100 84 31
20 71 63
76 21 60
20 73 83
11 45 87
14 30 25
12 25 45
0 2 42
79 20 6
41 58 27
52 72 19
32 67 10
38 3 52
96 23 25
6 54 76
46 26 68
44 65 58
28 95 81
35 9 73
93 92 92
29 94 95
100 6 31
2 76 15
77 75 53
40 29 19
82 24 95
31 40 41
95 61 13
65 42 19
62 48 83
21 1 14
13 46 10
23 89 93
85 71 33
42 62 90
14 60 30
74 76 22
23 5 33
31 8 81
46 38 10
86 33 83
0 39 48
61 38 36
22 14 70
5 36 8
38 68 94
16 66 92
96 55 72
49 73 97
19 53 6
82 79 96
34 9 32
91 24 30
63 18 95
43 86 20
37 33 85
77 23 24
61 87 41
90 24 63
53 61 85
17 53 33
97 24 78
83 12 56
57 87 8
25 24 95
30 17 52
12 72 15
79 8 72
27 69 53
59 78 24
58 63 62
5 77 3
68 31 60
88 17 98
81 64 70
39 94 64
13 9 61
48 16 37
3 22 39
18 89 10
99 62 71
40 29 7
17 36 76
62 24 38
2 59 23
36 65 62
47 68 48
67 7 97
57 48 78
51 65 58
37 73 10
69 25 52
84 98 55
41 85 37
55 82 21
60 81 24
79 94 60
70 91 100
31 37 19
78 56 13
65 77 89
67 58 20
95 44 79
27 56 28
9 70 2
64 85 30
12 9 17
68 55 29
22 2 57
91 9 77
13 99 9
76 45 72
14 58 26
66 96 69
1 74 53
36 4 21
61 63 52
38 92 85
66 75 25
38 2 57
41 97 37
70 72 24
98 38 32
45 3 87
45 39 5
74 83 52
82 47 30
16 46 80
51 61 55
16 93 89
95 62 96
22 28 37
46 60 37
61 71 58
26 2 42
25 12 74
78 22 46
60 57 42
47 25 9
56 61 7
25 18 17
69 11 77
100 68 14
23 74 80
98 69 74
8 78 93
65 48 46
97 82 93
59 60 85
100 23 20
35 81 8
72 68 30
1 52 5
74 27 60
88 7 40
2 1 3
48 46 58
91 47 20
72 15 93
65 46 89
28 14 70
24 84 57
63 74 95
21 99 3
55 80 45
43 81 99
58 91 89
35 68 35
47 71 80
48 52 2
11 92 53
45 54 78
36 69 53
100 91 95
67 56 15
54 73 68
44 7 12
38 6 39
99 97 98
47 39 84
69 77 100
84 5 4
60 2 68
17 43 82
48 69 67
48 19 14
32 43 54
69 82 83
55 65 61
8 100 13
38 55 3
57 61 15
90 98 72
45 4 63
57 76 70
6 26 84
60 5 38
47 74 14
46 74 16
34 44 91
58 99 46
74 86 67
59 8 29
6 56 93
67 83 21
25 2 9
66 26 38
95 11 94
53 80 34
21 17 22
12 39 71
8 3 76
56 57 34
13 21 19
71 28 4
68 23 60
48 21 33
28 46 55
58 16 65
0 30 70
74 86 76
28 89 30
87 63 13
46 59 25
94 29 22
19 15 33
13 94 70
1 87 21
8 34 45
38 13 28
86 7 52
91 77 4
23 65 87
25 25 97
44 4 23
80 78 67
22 4 96
75 18 15
90 93 62
49 43 41
65 39 45
54 13 86
11 99 88
73 67 79
51 16 84
48 77 79
83 15 78
65 34 26
59 96 91
48 86 21
8 58 1
7 55 85
4 57 29
91 63 31
61 18 70
84 32 46
64 81 11
10 34 81
30 86 56
2 42 20
73 100 14
55 94 1
35 43 32
55 93 15
15 12 1
71 75 25
93 68 55
51 26 61
48 38 28
62 46 8
63 73 6
84 48 1
87 12 14
60 34 72
85 85 71
54 8 62
92 55 47
21 28 21
93 62 100
10 22 75
20 28 98
2 21 41
90 69 60
87 81 48
72 69 8
97 10 91
80 33 25
50 58 100
55 71 46
26 4 85
85 86 56
59 30 95
16 88 96
74 32 14
49 18 95
31 3 8
13 63 44
94 30 1
38 8 35
67 14 93
81 45 30
24 57 38
72 17 12
56 84 29
60 29 94
5 4 81
18 69 54
54 47 14
0 54 4
31 10 68
3 89 85
75 9 23
85 68 41
46 18 82
98 23 27
86 92 88
66 96 69
23 34 79
24 100 35
48 64 69
100 90 10
87 37 36
54 18 72
64 82 82
3 19 75
78 53 78
99 13 4
33 12 86
60 98 27
43 89 76
80 2 41
4 8 40
68 45 5
41 98 74
39 62 100
64 96 55
66 43 12
79 46 84
13 68 39
90 48 65
80 70 89
51 46 69
1 23 57
51 61 95
10 19 4
87 70 20
95 33 26
92 33 47
8 44 91
78 12 26
67 53 15
63 5 13
78 3 72
75 68 11
5 42 25
51 66 33
5 21 40
4 11 83
52 44 12
98 13 29
17 78 67
76 27 10
89 80 48
97 61 94
97 87 65
28 95 98
87 40 57
3 38 18
91 77 63
5 20 37
99 99 99
39 42 75
100 70 91
47 1 94
30 57 67
0 99 43
99 41 62
86 98 75
20 62 88
4 1 83
53 5 47
31 46 91
94 62 11
2 94 46
52 71 98
11 97 8
40 5 31
67 23 25
49 78 52
67 3 26
73 91 41
1 94 5
37 24 17
93 81 97
22 89 58
84 63 8
29 11 42
1 90 31
33 44 96
39 62 18
17 2 33
91 54 60
34 27 91
100 17 30
17 37 79
65 88 97
16 97 9
86 54 55
34 26 6
9 67 98
20 46 39
69 18 21
19 67 40
100 1 1
85 33 65
19 61 77
65 77 35
53 48 15
34 14 7
32 60 75
0 53 42
84 69 3
19 57 99
11 99 92
73 44 1
68 13 87
100 6 94
96 33 27
39 68 98
8 64 34
28 62 38
5 92 68
19 71 93
15 90 92
40 87 59
36 67 58
55 2 71
7 83 47
13 15 91
68 63 40
92 3 36
44 60 67
78 84 95
47 66 68
91 65 22
34 10 100
55 99 81
12 65 66
45 19 56
100 84 72
49 11 58
16 79 40
35 29 87
76 7 28
4 90 64
37 17 62
5 47 9
1 55 20
43 47 33
20 46 23
29 2 60
27 86 68
88 98 54
99 3 95
70 88 73
2 36 39
33 70 76
84 53 47
31 30 58
4 17 11
10 55 27
61 6 25
97 40 45
94 73 33
75 36 52
68 6 13
7 84 22
32 71 93
7 13 96
98 96 13
55 84 13
16 81 32
35 55 63
4 64 27
87 28 17
68 88 5
85 9 98
62 57 13
61 34 14
50 82 26
12 72 83
88 93 40
36 93 63
84 79 48
14 46 40
20 14 88
100 60 84
31 9 97
0 92 67
87 66 72
70 57 74
24 26 19
57 85 91
57 66 7
16 58 42
67 73 45
80 65 25
100 74 54
6 74 68
40 32 40
93 6 84
71 28 11
57 27 68
46 69 58
46 100 80
97 76 47
89 80 24
95 53 33
53 86 23
77 89 85
84 79 64
4 79 33
36 86 34
47 88 38
98 31 67
51 37 95
2 32 95
47 66 45
17 17 24
67 77 35
57 41 42
8 47 90
13 55 55
79 29 41
7 25 48
1 81 66
66 69 9
16 20 13
93 24 72
70 16 5
13 69 20
100 45 18
44 68 69
25 74 22
67 60 99
90 37 82
43 82 18
73 66 59
84 90 42
25 68 86
98 42 24
63 75 34
48 100 7
27 39 58
46 54 18
60 4 61
67 60 11
74 9 58
7 95 21
15 74 4
75 30 25
89 11 13
50 69 97
79 6 20
99 10 38
45 94 28
17 46 54
11 78 3
3 53 40
87 21 91
0 42 24
72 45 65
4 62 87
11 10 80
94 24 53
0 34 29
5 97 10
19 87 86
91 59 33
43 19 26
50 20 90
60 100 78
86 75 33
90 63 36
47 27 8
4 87 25
92 31 9
7 13 7
25 17 18
61 65 100
4 42 74
69 44 38
78 12 41
0 20 25
2 48 25
10 32 14
84 93 54
13 9 38
86 67 92
85 55 91
25 93 2
98 29 77
35 22 38
32 81 7
57 28 81
100 55 38
9 3 8
98 41 60
21 26 87
26 91 40
14 84 31
57 26 71
77 97 48
33 36 11
73 35 23
90 70 34
45 58 69
47 2 34
30 29 57
54 6 54
40 9 35
52 68 7
59 72 79
5 74 9
19 13 36
34 99 40
23 66 83
3 40 45
93 5 46
34 21 80
30 94 18
81 69 83
25 47 39
22 61 99
90 16 86
32 15 55
15 19 12
48 55 54
40 58 61
87 20 40
91 5 25
61 11 61
38 42 11
27 23 72
17 31 57
7 78 53
39 43 22
89 37 94
21 57 20
56 56 52
57 14 13
61 88 67
95 82 27
77 21 90
82 87 30
12 55 55
41 31 52
20 60 5
47 32 85
25 85 66
43 54 4
16 10 4
12 100 82
60 38 13
76 85 40
66 98 21
82 35 76
57 53 73
16 39 79
19 7 99
3 8 88
92 4 28
41 26 27
66 22 24
23 68 11
58 90 100
21 80 63
4 80 61
60 86 100
60 24 94
32 74 85
74 29 63
70 35 42
43 72 63
71 75 75
39 12 84
16 81 80
23 60 91
80 5 56
23 17 75
68 85 59
78 100 69
54 93 10
59 22 76
96 44 13
72 73 82
45 70 62
